12,28,0,63,26,38,64,17,74,67,51,44,77,32,6,10,52,47,61,46,50,29,15,1,39,37,13,66,45,8,68,96,53,40,76,72,21,93,16,83,62,48,11,9,20,36,91,19,5,42,99,84,4,95,92,89,7,71,34,35,55,22,59,18,49,14,54,85,82,58,24,73,31,97,69,43,65,27,81,56,87,70,33,88,60,2,75,90,57,94,23,30,78,80,41,3,98,25,79,86

29  8 56 15 33
 7 14 51 88 67
91 32 62 18 73
53 63 49 34 46
70 25 77 87 31

38 92 26 65 77
59 39  4 57 16
91 45 35 36  2
34 40 89  8 62
96 28 31 88 33

19 79  7 65 77
56 98 93 86 87
 5 68  8  2 49
83 45 74 92  6
46 88 33 58 28

51 96 81 78 86
49 77 12 21 26
66  2 52 31 68
56 74 84 91 45
19  0  8 87 92

72 38  5 25 57
45 30 33 70 15
43 12  8  1 96
29 52  3 73 78
76 35 40 90 77

68 40 21 50 17
79 25 76  8  1
72 71 13 39 73
91 98 28 92 53
27 23 62 74 35

87 41 96 97 15
11 88 64 52 62
26 72 68 18  6
42 35 90  8 14
10  3  0 66 28

81 89 16 67  5
65 64 70  1 40
 3 21 52 53 17
36 19 58  8  0
31  9 79 93 56

46 80  4 62 97
23 85 47 61 12
 9  8 87 72 69
 3 30 55  1 54
52 56  7 22 36

40 11  2 57 54
93 58 37 82 32
24 97  8 49 17
14 89 91 41 79
65  6 55 72 99

61 37 87 98 69
21 80  7 74 40
93 94 60 39 22
28  8 81 19 42
12 59 34 72 20

31 65 46 59 27
85 70 75 13 48
42  0 51  1 88
40  6 34  8 71
 7 22 11 98 25

21 61  3 56 41
13  8 29 92 31
35 46 30 26 57
11 66 58 47 43
50 70 40 68 69

 5 17 40 55 28
48 19 83 10 97
58 69  9 91 94
80 50  8 43 86
84 21 27 75 67

98 48 75 24 15
26 27  6 79  5
95 47 56 18 69
37 57  8 61  9
51 91 31 74 36

84 49  7 90 95
41 27 15  2 87
71  8 34 39 37
57  5 46 40 56
38 65  6 48  4

92  3 77 66 10
71 83 86 34 18
16 76 54 38 26
 8 17 67 30 88
37 50 11 69 62

51 98 64 95 75
88  8 49 89 25
37 53 39 47 18
60 84 77 22 92
52 42 85 21 45
